    0.283662    0.084617   -0.159254
    0.185520   -0.015262   -0.253745
    0.085486   -0.114985   -0.345650
   -0.015419   -0.213535   -0.434031
   -0.116167   -0.309909   -0.517988
   -0.215730   -0.403124   -0.596664
   -0.313094   -0.492229   -0.669257
   -0.407267   -0.576316   -0.735028
   -0.497288   -0.654527   -0.793306
   -0.582239   -0.726067   -0.843496
   -0.661255   -0.790204   -0.885087
   -0.733529   -0.846286   -0.917656
   -0.798326   -0.893740   -0.940869
   -0.854984   -0.932084   -0.954491
   -0.902926   -0.960925   -0.958383
   -0.941664   -0.979971   -0.952504
   -0.970802   -0.989026   -0.936916
   -0.990043   -0.987998   -0.911776
   -0.999191   -0.976899   -0.877341
   -0.998153   -0.955841   -0.833962
   -0.986940   -0.925038   -0.782081
   -0.965665   -0.884806   -0.722228
   -0.934546   -0.835553   -0.655012
   -0.893900   -0.777783   -0.581118
   -0.844141   -0.712083   -0.501301
   -0.785777   -0.639124   -0.416373
   -0.719402   -0.559650   -0.327200
   -0.645693   -0.474471   -0.234692
   -0.565402   -0.384454   -0.139791
   -0.479347   -0.290518   -0.043465
   -0.388406   -0.193621    0.053304
   -0.293504   -0.094750    0.149530
   -0.195611    0.005087    0.244231
   -0.095724    0.104873    0.336443
    0.005140    0.203589    0.425224
    0.105951    0.300230    0.509671
    0.205681    0.393810    0.588922
    0.303315    0.483375    0.662170
    0.397857    0.568013    0.728666
    0.488343    0.646860    0.787735
    0.573851    0.719113    0.838773
    0.653509    0.784035    0.881261
    0.726504    0.840964    0.914764
    0.792093    0.889320    0.938942
    0.849608    0.928610    0.953548
    0.898461    0.958434    0.958434
    0.938155    0.978486    0.953548
    0.968285    0.988564    0.938942
    0.988544    0.988564    0.914764
    0.998725    0.978486    0.881261
    0.998725    0.958434    0.838773
    0.988544    0.928610    0.787735
    0.968285    0.889320    0.728666
    0.938155    0.840964    0.662170
    0.898461    0.784035    0.588922
    0.849608    0.719113    0.509671
    0.792093    0.646860    0.425224
    0.726504    0.568013    0.336443
    0.653509    0.483375    0.244231
    0.573851    0.393810    0.149530
    0.488343    0.300230    0.053304
    0.397857    0.203589   -0.043465
    0.303315    0.104873   -0.139791
    0.205681    0.005087   -0.234692
    0.105951   -0.094750   -0.327200
    0.005140   -0.193621   -0.416373
   -0.095724   -0.290518   -0.501301
   -0.195611   -0.384454   -0.581118
   -0.293504   -0.474471   -0.655012
   -0.388406   -0.559650   -0.722228
   -0.479347   -0.639124   -0.782081
   -0.565402   -0.712083   -0.833962
   -0.645693   -0.777783   -0.877341
   -0.719402   -0.835553   -0.911776
   -0.785777   -0.884806   -0.936916
   -0.844141   -0.925038   -0.952504
   -0.893900   -0.955841   -0.958383
   -0.934546   -0.976899   -0.954491
   -0.965665   -0.987998   -0.940869
   -0.986940   -0.989026   -0.917656
   -0.998153   -0.979971   -0.885087
   -0.999191   -0.960925   -0.843496
   -0.990043   -0.932084   -0.793306
   -0.970802   -0.893740   -0.735028
   -0.941664   -0.846286   -0.669257
   -0.902926   -0.790204   -0.596664
   -0.854984   -0.726067   -0.517988
   -0.798326   -0.654527   -0.434031
   -0.733529   -0.576316   -0.345650
   -0.661255   -0.492229   -0.253745
   -0.582239   -0.403124   -0.159254
   -0.497288   -0.309909   -0.112255
   -0.407267   -0.213535   -0.064126
   -0.313094   -0.114985   -0.015106
   -0.215730   -0.015262    0.034559
   -0.116167    0.084617    0.084617
   -0.015419    0.134812    0.134812
    0.085486    0.184889    0.184889
    0.185520    0.234591    0.234591
    0.283662    0.283662    0.283662
