   -5.000000     0.544021    -0.759688
   -4.900000     0.366479    -0.533584
   -4.800000     0.174327    -0.259817
   -4.700000    -0.024775     0.037158
   -4.600000    -0.222890     0.330815
   -4.500000    -0.412118     0.594921
   -4.400000    -0.584917     0.805884
   -4.300000    -0.734397     0.944860
   -4.200000    -0.854599     0.999435
   -4.100000    -0.940731     0.964733
   -4.000000    -0.989358     0.843854
   -3.900000    -0.998543     0.647596
   -3.800000    -0.967920     0.393491
   -3.700000    -0.898708     0.104236
   -3.600000    -0.793668    -0.194330
   -3.500000    -0.656987    -0.475537
   -3.400000    -0.494113    -0.714266
   -3.300000    -0.311541    -0.889191
   -3.200000    -0.116549    -0.984688
   -3.100000     0.083089    -0.992225
   -3.000000     0.279415    -0.911130
   -2.900000     0.464602    -0.748647
   -2.800000     0.631267    -0.519289
   -2.700000     0.772764    -0.243544
   -2.600000     0.883455     0.053955
   -2.500000     0.958924     0.346635
   -2.400000     0.996165     0.608351
   -2.300000     0.993691     0.815725
   -2.200000     0.951602     0.950233
   -2.100000     0.871576     0.999859
   -2.000000     0.756802     0.960170
   -1.900000     0.611858     0.834713
   -1.800000     0.442520     0.634693
   -1.700000     0.255541     0.377978
   -1.600000     0.058374     0.087499
   -1.500000    -0.141120    -0.210796
   -1.400000    -0.334988    -0.490261
   -1.300000    -0.515501    -0.725932
   -1.200000    -0.675463    -0.896758
   -1.100000    -0.808496    -0.987480
   -1.000000    -0.909297    -0.989992
   -0.900000    -0.973848    -0.904072
   -0.800000    -0.999574    -0.737394
   -0.700000    -0.985450    -0.504846
   -0.600000    -0.932039    -0.227202
   -0.500000    -0.841471     0.070737
   -0.400000    -0.717356     0.362358
   -0.300000    -0.564642     0.621610
   -0.200000    -0.389418     0.825336
   -0.100000    -0.198669     0.955336
    0.000000     0.000000     1.000000
    0.100000     0.198669     0.955336
    0.200000     0.389418     0.825336
    0.300000     0.564642     0.621610
    0.400000     0.717356     0.362358
    0.500000     0.841471     0.070737
    0.600000     0.932039    -0.227202
    0.700000     0.985450    -0.504846
    0.800000     0.999574    -0.737394
    0.900000     0.973848    -0.904072
    1.000000     0.909297    -0.989992
    1.100000     0.808496    -0.987480
    1.200000     0.675463    -0.896758
    1.300000     0.515501    -0.725932
    1.400000     0.334988    -0.490261
    1.500000     0.141120    -0.210796
    1.600000    -0.058374     0.087499
    1.700000    -0.255541     0.377978
    1.800000    -0.442520     0.634693
    1.900000    -0.611858     0.834713
    2.000000    -0.756802     0.960170
    2.100000    -0.871576     0.999859
    2.200000    -0.951602     0.950233
    2.300000    -0.993691     0.815725
    2.400000    -0.996165     0.608351
    2.500000    -0.958924     0.346635
    2.600000    -0.883455     0.053955
    2.700000    -0.772764    -0.243544
    2.800000    -0.631267    -0.519289
    2.900000    -0.464602    -0.748647
    3.000000    -0.279415    -0.911130
    3.100000    -0.083089    -0.992225
    3.200000     0.116549    -0.984688
    3.300000     0.311541    -0.889191
    3.400000     0.494113    -0.714266
    3.500000     0.656987    -0.475537
    3.600000     0.793668    -0.194330
    3.700000     0.898708     0.104236
    3.800000     0.967920     0.393491
    3.900000     0.998543     0.647596
    4.000000     0.989358     0.843854
    4.100000     0.940731     0.964733
    4.200000     0.854599     0.999435
    4.300000     0.734397     0.944860
    4.400000     0.584917     0.805884
    4.500000     0.412118     0.594921
    4.600000     0.222890     0.330815
    4.700000     0.024775     0.037158
    4.800000    -0.174327    -0.259817
    4.900000    -0.366479    -0.533584
    5.000000    -0.544021    -0.759688
